fa95de8e94a783aa9848adc4606fd04cd8d9b470f2bdf27f34e40bec2dd6ee65 12 12 3830 77
98c70e1b7faf3b7df0c398c8ac545209b50c16358ccaa9506a2d772e90ec9857 4 4 15787 38
d34a5b6b681925ad7fb444b7746328999247fdac9976f7e781f0f1bffedf2762 4 1 20856 0
220be61b68fc233f72d7ba91d25e7f4a96f82e69b72cd5c4fa1167f67807c3d3 61 61 201778 39826
cfa266b8fb86b0da7892a54a1b5456497be40ad871b058036fa9a4245eaa6684 2 2 11745 0
4aa9c7b1f63ef4f82f0687b27ad02353b88c8e637a8f38f95b6465d1ac782df4 2 1 12340 0
477532072c870a8a5160a3a95262c73fbecbfe7ec52567b505e7ce5162cc2e88 2 2 25994 21
d4d0b5c879e2b3bc8ae63eac74384a4abad1ca8e17ca07d75bd602e5f7a566c9 0 0 0 0
9dabd2e4da42556cea386fb1406bd3a7ffeee92d5c2ff157f6a17f5e396a3840 1 0 0 0
5652773242ffce25eaf877f33e10d31e2a43d9d0980b124b99b171e54e9184a4 5 5 15560 662
599f208fa82841a79af6f96f034e2de9f165d8765488167ff53c86d662204ece 19 19 50770 5881
